#(2023-05-27 14:23:18) CMD: 33 A0 1D 00 01 34 00 00 00 04 00
#(2023-05-27 14:23:54) CMD: 33 A0 1D 00 01 34 00 00 00 04 00
C0 00 4A 47 36 59 42 57 30 4A 47 36 59 4F 44 30 3E F0 AA 03 33 A0 1D 00 01 34 00 00 00 04 00 AA C0 
#(2023-05-27 14:26:03) CMD: 33 A0 1D 00 01 34 00 00 00 04 00
C0 00 4A 47 36 59 42 57 30 4A 47 36 59 4F 44 30 3E F0 AA 03 33 A0 1D 00 01 34 00 00 00 04 00 AA C0 
#(2023-05-27 14:54:34) CMD: 33 A1 02 00 00 00 00 00 00 00 00
C0 00 4A 47 36 59 42 57 30 4A 47 36 59 4F 44 30 3E F0 FF F0 FF 00 00 01 33 33 0C 08 00 FF FF AA AA AA 00 00 00 00 00 00 00 00 00 00 00 00 00 00 00 00 00 00 00 00 00 00 00 00 00 00 00 00 00 00 00 00 00 00 00 00 00 00 00 00 00 00 00 00 BB BB BB 00 00 00 00 00 00 00 00 00 00 00 00 CC CC CC 99 03 01 00 5A 00 44 44 00 C0 
#(2023-05-27 14:55:30) CMD: 33 A1 02 00 00 00 00 00 00 00 00
C0 00 4A 47 36 59 42 57 30 4A 47 36 59 4F 44 30 3E F0 FF F0 FF 00 00 01 33 33 24 08 00 FF FF AA AA AA 00 00 00 00 00 00 00 00 00 00 00 00 00 00 00 00 00 00 00 00 00 00 00 00 00 00 00 00 00 00 00 00 00 00 00 00 00 00 00 00 00 00 00 00 BB BB BB 00 00 00 00 00 00 00 00 00 00 00 00 CC CC CC 99 03 01 00 5A 00 44 44 00 C0 
#(2023-05-27 14:57:26) CMD: 33 A1 02 00 00 00 00 00 00 00 00
C0 00 4A 47 36 59 42 57 30 4A 47 36 59 4F 44 30 3E F0 FF F0 FF 00 00 01 33 33 1F 0A 00 FF FF AA AA AA 00 00 00 00 00 00 00 00 00 00 00 00 00 00 00 00 00 00 00 00 00 00 00 00 00 00 00 00 00 00 00 00 00 00 00 00 00 00 00 00 00 00 00 00 BB BB BB 00 00 00 00 00 00 00 00 00 00 00 00 CC CC CC 99 03 01 00 59 00 44 44 00 C0 
#(2023-05-27 15:01:21) CMD: 33 A0 01 00 01 02 03 04 05 06 07
C0 00 4A 47 36 59 42 57 30 4A 47 36 59 4F 44 30 3E F0 AA 03 33 A0 01 00 01 02 03 04 05 06 07 AA C0 
#(2023-05-27 15:16:50) CMD: 33 A1 02 00 00 00 00 00 00 00 00
C0 00 4A 47 36 59 42 57 30 4A 47 36 59 4F 44 30 3E F0 FF F0 FF 00 00 01 33 33 11 08 00 FF FF AA AA AA 00 00 00 00 00 00 00 00 00 00 00 00 00 00 00 00 00 00 00 00 00 00 00 00 00 00 00 00 00 00 00 00 00 00 00 00 00 00 00 00 00 00 00 00 BB BB BB 00 00 00 00 00 00 00 00 00 00 00 00 CC CC CC 99 03 01 00 5A 00 44 44 00 C0 
